-------------------------------------
   PRES   TEMP   DWPT   DRCT   SKNT
    hPa      C      C   deg   knot
-------------------------------------
  978.0    20.4   16.5     180     16
  964.1    22.2   17.1     185     29
  954.0    23.6   17.6     188     35
  931.0    22.5   16.5     195     49
  925.0    22.2   16.2     200     48
  898.9    20.2   14.5     205     49
  867.6    17.7   12.4     215     52
  850.0    16.2   11.2     220     55
  807.6    12.7    7.7     230     54
  804.0    12.4    7.4     231     54
  778.7    10.7    1.7     235     56
  766.0    9.8    -1.2     237     56
  750.6    8.4    -2.0     240     57
  723.2    5.7    -3.4     240     57
  700.0    3.4    -4.6     245     59
  676.0    1.2    -5.8     245     63
  661.0    1.6   -11.4     245     66
  645.9    0.6   -12.4     245     69
  638.0    0.0   -13.0     245     69
  598.1   -4.1   -17.1     245     68
  579.0   -6.1   -19.1     245     71
  568.0   -5.7   -27.7     245     72
  553.3   -6.9   -28.1     245     74
  500.0   -11.5  -29.5     240     81
  494.0   -12.1  -29.7     240     82
  491.5   -12.3  -29.7     240     81
  485.0   -12.9  -29.9           
  461.0   -16.7  -28.7             
  425.0   -19.9  -38.9              
  400.0   -23.3  -41.3              
  322.0   -36.9  -49.9             
  300.0   -38.7  -52.7              
  250.0   -47.5  -59.5              
  218.0   -55.1  -66.1              
  213.0   -55.3  -65.3              
  206.0   -50.9  -61.9              
  200.0   -51.9  -62.9              
  150.0   -61.9  -71.9              
  129.0   -67.3  -76.3              
  127.0   -67.5  -76.5              
  116.0   -65.9  -74.9              
  100.0   -69.9  -77.9              
   94.6   -69.5  -77.5              
   91.4   -70.5  -78.5              
   87.9   -60.5  -70.5              
   75.3   -62.9  -72.9              
   70.0   -61.1  -71.1              
   67.0   -58.1  -68.1              
   50.0   -61.3  -71.3              
   44.1   -56.5  -67.5              
   30.0   -56.1  -67.1              
   27.3   -49.9  -61.9              
   23.5   -47.3  -60.3              
